2001 8 1
57554 22.6 12.0
57562 24.3 10.6
57574 24.7 10.0
57584 26.2 19.2
57682 25.2 4.2
57662 24.7 9.8
57671 24.4 0.4
57687 25.0 16.5
57649 22.2 46.2
57669 21.7 2.7
57655 22.7 23.8
57745 23.3 2.8
57774 24.9 0.0
57766 25.5 0
57776 17.8 0.2
57872 25.7 0.1
57853 24.7 1.1
57845 23.5 1.1
57866 25.0 5.1
57972 24.3 37.7
57965 24.6 22.0
57544 22.1 59.5
57643 22.5 43.6
57642 23.6 49.8
57640 23.2 33.4
57646 23.7 27.9
57657 23.1 13.7
57740 22.0 13.5
57558 22.7 20.5
57564 24.0 22.0
57565 24.8 4.2
57566 0 16.1
57577 0 0.9
57661 23.3 6.7
57663 23.9 0.9
57674 25.3 0.0
57666 23.9 0.0
57575 0 8.4
57680 0 0.2
57585 23.6 13.7
57673 25.0 0.3
57679 0 0
57678 24.4 0.1
57688 26.8 0.0
57773 25.2 2.1
57771 24.8 2.9
57772 25.4 1.3
57780 25.1 1.3
57781 25.8 0.0
57779 25.4 0.0
57882 25.8 0.1
57886 23.2 53.6
57746 23.4 6.5
57658 23.1 14.5
57743 0 8.2
57752 22.3 21.6
57744 24.0 0.8
57754 24.0 0.9
57842 25.1 0.2
57841 24.2 2.1
57763 25.2 0.0
57761 0 0.0
57760 23.6 0.0
57762 24.3 0.6
57860 24.5 5.0
57768 0 0.0
57769 24.7 0.0
57758 25.2 0.2
57767 25.4 0.3
57846 24.4 0.0
57857 23.8 0.1
57851 24.6 9.3
57871 25.5 0.9
57777 25.4 0.0
57778 0 0.0
57875 0 0.0
57870 25.0 15.5
57874 25.2 0.4
57876 24.4 74.2
57868 26.5 7.0
57867 25.0 42.4
57962 25.1 56.0
57971 24.3 16.1
57966 24.2 57.6
57975 24.0 9.2
57969 23.4 39.0
59063 23.6 18.2
57881 25.1 9.4
57887 23.9 44.2
57889 22.0 17.4
57981 23.9 0
57973 23.6 84.6
57974 24.2 37.0
57978 23.9 0
57976 23.7 23.2
57985 22.0 21.0
57865 0 57.4
