113.5 29.8
113.7 29.5
113.7 29.1
113.8 29.1
114.1 28.8
114.1 28.5
114.3 28.3
113.6 27.5
113.7 27.3
113.9 27.3
113.9 26.7
114.1 26.6
113.9 26.2
114.2 26.2
114.2 26.1
114.0 26.0
114.0 25.6
113.8 25.4
113.3 25.5
112.9 25.4
112.9 25.3
113.0 25.3
113.0 25.0
112.8 25.0
112.7 25.2
112.2 25.3
112.2 24.8
111.5 24.6
111.4 25.2
111.3 25.2
111.2 25.0
111.1 25.0
111.1 25.2
111.4 25.6
111.3 26.3
110.8 26.3
110.4 26.0
110.2 26.1
110.2 26.3
110.0 25.9
109.8 25.9
109.8 26.0
109.4 26.3
109.6 27.1
109.0 27.0
108.9 27.1
109.4 27.6
109.3 27.8
109.2 29.1
109.2 29.5
109.9 29.8
110.3 29.8
110.5 29.7
110.7 29.8
110.6 30.1
111.2 30.0
111.9 29.8
112.3 29.5
112.8 29.8