57554 294 1101
57562 296 1114
57574 294 1124
57584 294 1130
57682 287 1136
57662 289 1116
57671 289 1124
57687 282 1128
57649 283 1097
57669 284 1112
57655 258 1104
57745 275 1096
57774 275 1122
57766 273 1114
57776 273 1128
57872 269 1126
57853 267 1106
57845 262 1098
57866 262 1116
57972 258 1130
57965 255 1116
57544 295 1095
57643 290 1098
57642 287 1096
57640 286 1095
57646 286 1100
57657 283 1102
57740 280 1096
57558 291 1105
57564 294 1111
57565 297 1118
57566 295 1117
57577 294 1122
57661 289 1115
57663 289 1120
57674 286 1124
57666 285 1121
57575 295 1126
57680 288 1131
57585 295 1135
57673 287 1129
57679 282 1130
57678 283 1126
57688 282 1126
57773 279 1128
57771 279 1125
57772 278 1125
57780 279 1132
57781 277 1135
57779 270 1134
57882 268 1136
57886 265 1138
57746 276 1100
57658 280 1102
57743 279 1098
57752 279 1106
57744 274 1092
57754 274 1102
57842 269 1097
57841 266 1097
57763 277 1120
57761 278 1113
57760 277 1114
57762 277 1117
57860 270 1113
57768 273 1115
57769 272 1117
57758 271 1116
57767 271 1120
57846 266 1102
57857 264 1103
57851 265 1109
57871 270 1124
57777 272 1129
57778 271 1130
57875 269 1125
57870 268 1121
57874 264 1124
57876 264 1129
57868 266 1119
57867 264 1113
57962 260 1117
57971 259 1122
57966 256 1120
57975 254 1122
57969 253 1113
59063 252 1115
57881 267 1133
57887 261 1131
57889 261 1140
57981 260 1134
57973 258 1127
57974 256 1124
57978 253 1126
57976 254 1129
57985 256 1137
57865 264 1116