三个txt数据文件的意义及其数据格式举例
97县名称号码、纬度、经度
LATLON57.txt：
57554 294 1101
57562 296 1114
57574 294 1124
57584 294 1130
57682 287 1136
57662 289 1116
57671 289 1124
57687 282 1128
57649 283 1097
57669 284 1112
57655 258 1104
57745 275 1096
57774 275 1122
57766 273 1114
57776 273 1128
57872 269 1126
57853 267 1106
57845 262 1098
57866 262 1116
57972 258 1130
57965 255 1116
57544 295 1095
57643 290 1098
57642 287 1096
57640 286 1095
57646 286 1100
57657 283 1102
57740 280 1096
57558 291 1105
57564 294 1111
57565 297 1118
57566 295 1117
57577 294 1122
57661 289 1115
57663 289 1120
57674 286 1124
57666 285 1121
57575 295 1126
57680 288 1131
57585 295 1135
57673 287 1129
57679 282 1130
57678 283 1126
57688 282 1126
57773 279 1128
57771 279 1125
57772 278 1125
57780 279 1132
57781 277 1135
57779 270 1134
57882 268 1136
57886 265 1138
57746 276 1100
57658 280 1102
57743 279 1098
57752 279 1106
57744 274 1092
57754 274 1102
57842 269 1097
57841 266 1097
57763 277 1120
57761 278 1113
57760 277 1114
57762 277 1117
57860 270 1113
57768 273 1115
57769 272 1117
57758 271 1116
57767 271 1120
57846 266 1102
57857 264 1103
57851 265 1109
57871 270 1124
57777 272 1129
57778 271 1130
57875 269 1125
57870 268 1121
57874 264 1124
57876 264 1129
57868 266 1119
57867 264 1113
57962 260 1117
57971 259 1122
57966 256 1120
57975 254 1122
57969 253 1113
59063 252 1115
57881 267 1133
57887 261 1131
57889 261 1140
57981 260 1134
57973 258 1127
57974 256 1124
57978 253 1126
57976 254 1129
57985 256 1137
57865 264 1116
边界经纬度
hunan.txt：
59
113.5 29.8
113.7 29.5
113.7 29.1
113.8 29.1
114.1 28.8
114.1 28.5
114.3 28.3
113.6 27.5
113.7 27.3
113.9 27.3
113.9 26.7
114.1 26.6
113.9 26.2
114.2 26.2
114.2 26.1
114.0 26.0
114.0 25.6
113.8 25.4
113.3 25.5
112.9 25.4
112.9 25.3
113.0 25.3
113.0 25.0
112.8 25.0
112.7 25.2
112.2 25.3
112.2 24.8
111.5 24.6
111.4 25.2
111.3 25.2
111.2 25.0
111.1 25.0
111.1 25.2
111.4 25.6
111.3 26.3
110.8 26.3
110.4 26.0
110.2 26.1
110.2 26.3
110.0 25.9
109.8 25.9
109.8 26.0
109.4 26.3
109.6 27.1
109.0 27.0
108.9 27.1
109.4 27.6
109.3 27.8
109.2 29.1
109.2 29.5
109.9 29.8
110.3 29.8
110.5 29.7
110.7 29.8
110.6 30.1
111.2 30.0
111.9 29.8
112.3 29.5
112.8 29.8
97县温度最高值、最低值
etw00100.ecs：
2001 8 1
57554 22.6 12.0
57562 24.3 10.6
57574 24.7 10.0
57584 26.2 19.2
57682 25.2 4.2
57662 24.7 9.8
57671 24.4 0.4
57687 25.0 16.5
57649 22.2 46.2
57669 21.7 2.7
57655 22.7 23.8
57745 23.3 2.8
57774 24.9 0.0
57766 25.5 0
57776 17.8 0.2
57872 25.7 0.1
57853 24.7 1.1
57845 23.5 1.1
57866 25.0 5.1
57972 24.3 37.7
57965 24.6 22.0
57544 22.1 59.5
57643 22.5 43.6
57642 23.6 49.8
57640 23.2 33.4
57646 23.7 27.9
57657 23.1 13.7
57740 22.0 13.5
57558 22.7 20.5
57564 24.0 22.0
57565 24.8 4.2
57566 0 16.1
57577 0 0.9
57661 23.3 6.7
57663 23.9 0.9
57674 25.3 0.0
57666 23.9 0.0
57575 0 8.4
57680 0 0.2
57585 23.6 13.7
57673 25.0 0.3
57679 0 0
57678 24.4 0.1
57688 26.8 0.0
57773 25.2 2.1
57771 24.8 2.9
57772 25.4 1.3
57780 25.1 1.3
57781 25.8 0.0
57779 25.4 0.0
57882 25.8 0.1
57886 23.2 53.6
57746 23.4 6.5
57658 23.1 14.5
57743 0 8.2
57752 22.3 21.6
57744 24.0 0.8
57754 24.0 0.9
57842 25.1 0.2
57841 24.2 2.1
57763 25.2 0.0
57761 0 0.0
57760 23.6 0.0
57762 24.3 0.6
57860 24.5 5.0
57768 0 0.0
57769 24.7 0.0
57758 25.2 0.2
57767 25.4 0.3
57846 24.4 0.0
57857 23.8 0.1
57851 24.6 9.3
57871 25.5 0.9
57777 25.4 0.0
57778 0 0.0
57875 0 0.0
57870 25.0 15.5
57874 25.2 0.4
57876 24.4 74.2
57868 26.5 7.0
57867 25.0 42.4
57962 25.1 56.0
57971 24.3 16.1
57966 24.2 57.6
57975 24.0 9.2
57969 23.4 39.0
59063 23.6 18.2
57881 25.1 9.4
57887 23.9 44.2
57889 22.0 17.4
57981 23.9 0
57973 23.6 84.6
57974 24.2 37.0
57978 23.9 0
57976 23.7 23.2
57985 22.0 21.0
57865 0 57.4